,Address,Beds_Min,Beds_Max,Baths_Min,Baths_Max,Sqft_Min,Sqft_Max,Lat,Lon,Distance,Rent,Rent_max,Neighborhood,City,Walk Score,Transit Score,Bike Score,Population
0,2190 E 11th Ave,0,3,1.0,2.0,516,1331,39.73323,-104.96156,0.5903353572424738,1638,3341,Cheesman Park,Cheesman Park,85.0,53.0,90.0,7984.0
1,2185 E 11th Ave # 5-512,0,0,1.0,1.0,N/A,N/A,39.733579,-104.961253,0.6229472283859664,1638,1638,Cheesman Park,Cheesman Park,85.0,53.0,90.0,7984.0
2,2185 E 11th Ave # 4-407,1,1,1.0,1.0,N/A,N/A,39.733579,-104.961253,0.6229472283859664,1807,1807,Cheesman Park,Cheesman Park,85.0,53.0,90.0,7984.0
3,1137 N Columbine St Unit 205,1,1,1.0,1.0,N/A,N/A,39.734497,-104.957776,0.7390115098688391,1085,1085,Congress Park,Congress Park,80.0,51.0,88.0,10239.0
4,2315 E 12th Ave,1,2,1.0,1.0,599,828,39.735298,-104.959447,0.8053695050170194,1300,1600,Congress Park,Congress Park,80.0,51.0,88.0,10239.0
5,1510 E 9th Ave Apt 107,2,2,1.0,1.0,N/A,N/A,39.730265,-104.969109,0.8202329090202164,1680,1680,Cheesman Park,Cheesman Park,85.0,53.0,90.0,7984.0
6,1510 E 9th Ave Apt 101,1,1,1.0,1.0,N/A,N/A,39.730265,-104.969109,0.8202329090202164,1265,1265,Cheesman Park,Cheesman Park,85.0,53.0,90.0,7984.0
7,1510 E 9th Ave Apt 205,1,1,1.0,1.0,N/A,N/A,39.730265,-104.969109,0.8202329090202164,1270,1270,Cheesman Park,Cheesman Park,85.0,53.0,90.0,7984.0
8,1201 N Columbine St Unit 107,1,1,1.0,1.0,N/A,N/A,39.735418,-104.95777,0.8386516260804033,1055,1055,Congress Park,Congress Park,80.0,51.0,88.0,10239.0
9,1201 N Columbine St Unit 102,1,1,1.0,1.0,N/A,N/A,39.735418,-104.95777,0.8386516260804033,1124,1124,Congress Park,Congress Park,80.0,51.0,88.0,10239.0
10,1201 N Columbine St Unit 203,1,1,1.0,1.0,N/A,N/A,39.735418,-104.95777,0.8386516260804033,1060,1060,Congress Park,Congress Park,80.0,51.0,88.0,10239.0
11,1201 N Columbine St Unit 105,1,1,1.0,1.0,N/A,N/A,39.735418,-104.95777,0.8386516260804033,1078,1078,Congress Park,Congress Park,80.0,51.0,88.0,10239.0
12,1153 Detroit St,4,4,4.0,4.0,2625,2625,39.734633,-104.954346,0.8737952213474028,3550,3550,Capital Avenue,,,,,
13,925-995 Humboldt St,1,2,1.0,1.0,488,755,39.73066,-104.96987,0.8957468665337652,1311,1706,Cheesman Park,Cheesman Park,85.0,53.0,90.0,7984.0
14,1255 N Race St Unit 9,1,1,1.0,1.0,N/A,N/A,39.736036,-104.963852,0.9468668893921721,1186,1186,Cheesman Park,Cheesman Park,85.0,53.0,90.0,7984.0
15,1255 N Race St Unit 8,2,2,2.0,2.0,N/A,N/A,39.736036,-104.963852,0.9468668893921721,1495,1495,Cheesman Park,Cheesman Park,85.0,53.0,90.0,7984.0
16,1255 N Race St Unit 10,1,1,1.0,1.0,N/A,N/A,39.736036,-104.963852,0.9468668893921721,1145,1145,Cheesman Park,Cheesman Park,85.0,53.0,90.0,7984.0
17,1330 Gaylord St,1,2,1.0,2.0,641,1047,39.737243,-104.960672,1.0223698918934923,1465,1855,Cheesman Park,Cheesman Park,85.0,53.0,90.0,7984.0
18,1901 E 13th Ave,0,2,1.0,1.0,260,590,39.73695,-104.96435,1.0570262352763855,1100,1600,Cheesman Park,Cheesman Park,85.0,53.0,90.0,7984.0
19,1350 Josephine St Apt 107,2,2,1.0,1.0,860,860,39.737757,-104.958269,1.0873241515709127,1590,1590,Congress Park,Congress Park,80.0,51.0,88.0,10239.0
20,1350 Josephine St Apt 201,1,1,1.0,1.0,720,720,39.737757,-104.958269,1.0873241515709127,1325,1325,Congress Park,Congress Park,80.0,51.0,88.0,10239.0
21,1085 N Lafayette St Apt 303,2,2,2.0,2.0,1050,1050,39.733413,-104.970974,1.1143467942257435,2250,2250,Cheesman Park,Cheesman Park,85.0,53.0,90.0,7984.0
22,1344 N High St Apt 3,1,1,1.0,1.0,N/A,N/A,39.73765,-104.9644,1.131566618357453,1145,1145,Cheesman Park,Cheesman Park,85.0,53.0,90.0,7984.0
23,1344 N High St Apt 12,1,1,1.0,1.0,N/A,N/A,39.737655,-104.964402,1.1321479139343522,1195,1195,Cheesman Park,Cheesman Park,85.0,53.0,90.0,7984.0
24,940-944 N Downing St # 940B,1,1,1.0,1.0,650,650,39.731203,-104.972646,1.1401779436365265,900,900,Cheesman Park,Cheesman Park,85.0,53.0,90.0,7984.0
25,2480 E 14th Ave # 2468-1,2,2,1.0,1.0,1200,1200,39.738235,-104.957646,1.1480066342056026,1950,1950,Congress Park,Congress Park,80.0,51.0,88.0,10239.0
26,1360 N Williams St,1,1,1.0,1.0,506,506,39.737833,-104.965646,1.1902256654967638,1271,1341,Cheesman Park,Cheesman Park,85.0,53.0,90.0,7984.0
27,1044 N Downing St,1,2,1.0,2.0,715,995,39.7327,-104.97264,1.2011322544605336,1815,2785,Cheesman Park,Cheesman Park,85.0,53.0,90.0,7984.0
28,1044 N Downing St # B2,2,2,2.0,2.0,N/A,N/A,39.732701,-104.972653,1.2021845698492057,2340,2340,Cheesman Park,Cheesman Park,85.0,53.0,90.0,7984.0
29,1402 Race St,0,1,1.0,1.0,425,487,39.738642,-104.963127,1.2070163129970914,1246,1346,Cheesman Park,Cheesman Park,85.0,53.0,90.0,7984.0
30,1405 Race St,1,1,1.0,1.0,640,640,39.73856,-104.96384,1.2133929109764867,1200,1200,Cheesman Park,Cheesman Park,85.0,53.0,90.0,7984.0
31,821 N Corona St,0,2,1.0,2.0,450,915,39.72964,-104.97442,1.2496078767596859,1295,1995,Capitol Hill,Capitol Hill,93.0,66.0,96.0,14685.0
32,1100 N Downing St Apt 3,1,1,1.0,1.0,N/A,N/A,39.733832,-104.972727,1.266689509587045,1385,1385,Cheesman Park,Cheesman Park,85.0,53.0,90.0,7984.0
33,1010 E 19th Ave,1,2,1.0,1.0,500,700,39.7344,-104.9726,1.290688562364996,1044,1254,Cheesman Park,Cheesman Park,85.0,53.0,90.0,7984.0
34,1455 N Vine St Unit 202,1,1,1.0,1.0,N/A,N/A,39.739521,-104.962584,1.293596819387934,1210,1210,Cheesman Park,Cheesman Park,85.0,53.0,90.0,7984.0
35,1455 N Vine St Unit 303,1,1,1.0,1.0,N/A,N/A,39.739521,-104.962584,1.293596819387934,1220,1220,Cheesman Park,Cheesman Park,85.0,53.0,90.0,7984.0
36,1280 N Lafayette St,0,2,1.0,2.0,450,1020,39.73659,-104.970368,1.3006771854605694,1470,2070,Cheesman Park,Cheesman Park,85.0,53.0,90.0,7984.0
37,1450 N High St Apt 2,1,1,1.0,1.0,N/A,N/A,39.739378,-104.964399,1.3141625945133322,1849,1849,Cheesman Park,Cheesman Park,85.0,53.0,90.0,7984.0
38,1133 N Downing St,4,4,2.0,2.0,1650,1650,39.734378,-104.973302,1.3401272671391053,2800,2800,Capitol Hill,Capitol Hill,93.0,66.0,96.0,14685.0
39,1330 N Lafayette St,1,2,1.0,1.0,600,798,39.73757,-104.97039,1.383343751724382,1050,1400,Cheesman Park,Cheesman Park,85.0,53.0,90.0,7984.0
40,1300 Adams St,1,2,1.0,1.0,550,750,39.736992,-104.948081,1.420248136672301,1750,1750,Capital Avenue,,,,,
41,100 Steele St,0,2,1.0,2.0,510,1693,39.71807,-104.94947,1.4288071829774636,1465,5182,Cherry Creek,Cherry Creek,80.0,49.0,79.0,5583.0
42,777 N Emerson St Apt 103,2,2,2.0,2.0,N/A,N/A,39.728825,-104.976793,1.442778544462432,1995,1995,Capitol Hill,Capitol Hill,93.0,66.0,96.0,14685.0
43,777 N Emerson St Apt 202,2,2,2.0,2.0,N/A,N/A,39.728825,-104.976793,1.442778544462432,1995,1995,Capitol Hill,Capitol Hill,93.0,66.0,96.0,14685.0
44,777 N Emerson St Apt 1,1,1,1.0,1.0,N/A,N/A,39.728825,-104.976793,1.442778544462432,1376,1376,Capitol Hill,Capitol Hill,93.0,66.0,96.0,14685.0
45,1380 Steele St,0,2,1.0,2.0,500,925,39.738056,-104.949162,1.444555664515379,1350,2100,Capital Avenue,,,,,
46,1010 N Emerson St Apt 202,1,1,1.0,1.0,N/A,N/A,39.732346,-104.976113,1.4617328575877195,1235,1235,Capitol Hill,Capitol Hill,93.0,66.0,96.0,14685.0
47,1010 N Emerson St Apt 104,1,1,1.0,1.0,N/A,N/A,39.732346,-104.976113,1.4617328575877195,1185,1185,Capitol Hill,Capitol Hill,93.0,66.0,96.0,14685.0
48,1010 N Emerson St Apt 204,1,1,1.0,1.0,N/A,N/A,39.732346,-104.976113,1.4617328575877195,1235,1235,Capitol Hill,Capitol Hill,93.0,66.0,96.0,14685.0
49,1010 N Emerson St Apt 305,1,1,1.0,1.0,N/A,N/A,39.732346,-104.976113,1.4617328575877195,1235,1235,Capitol Hill,Capitol Hill,93.0,66.0,96.0,14685.0
50,1010 N Emerson St Apt 306,1,1,1.0,1.0,N/A,N/A,39.732346,-104.976113,1.4617328575877195,1260,1260,Capitol Hill,Capitol Hill,93.0,66.0,96.0,14685.0
51,1530 N Detroit St Unit 206,0,0,1.0,1.0,N/A,N/A,39.740762,-104.954525,1.4864109709632767,1390,1390,Colfax Avenue Park,,,,,
52,1530 N Detroit St Unit 213,0,0,1.0,1.0,N/A,N/A,39.740756,-104.954376,1.4898112055121076,1488,1488,Colfax Avenue Park,,,,,
53,1412 Steele St Apt 201,1,1,1.0,1.0,N/A,N/A,39.738612,-104.949161,1.4926919304481876,1525,1525,Capital Avenue,,,,,
54,1412 Steele St Apt 501,1,1,1.0,1.0,N/A,N/A,39.738612,-104.949161,1.4926919304481876,1570,1570,Capital Avenue,,,,,
55,1412 Steele St Apt 508,2,2,2.0,2.0,N/A,N/A,39.738612,-104.949161,1.4926919304481876,1910,1910,Capital Avenue,,,,,
56,1412 Steele St Apt 504,1,1,1.0,1.0,N/A,N/A,39.738612,-104.949161,1.4926919304481876,1495,1495,Capital Avenue,,,,,
57,1412 Steele St Apt 401,1,1,1.0,1.0,N/A,N/A,39.738612,-104.949161,1.4926919304481876,1560,1560,Capital Avenue,,,,,
58,3222 E 1st Ave,0,2,1.0,2.0,571,1527,39.71758,-104.94892,1.5007749682985982,1583,3270,Cherry Creek,Cherry Creek,80.0,49.0,79.0,5583.0
59,1375 N Marion St,2,2,1.5,1.5,2010,2010,39.738182,-104.972184,1.5361100793522207,2500,2500,Cheesman Park,Cheesman Park,85.0,53.0,90.0,7984.0
60,1044 N Clarkson St,3,3,2.5,2.5,1923,1923,39.732895,-104.977273,1.5756359378548452,3800,3800,Capitol Hill,Capitol Hill,93.0,66.0,96.0,14685.0
61,790 N Washington St Apt 1406,1,1,1.0,1.0,753,753,39.728675,-104.978428,1.5816288069178435,1450,1450,Capitol Hill,Capitol Hill,93.0,66.0,96.0,14685.0
62,1010 E 13th Ave Apt 6,1,1,1.0,1.0,N/A,N/A,39.736611,-104.974965,1.5972707205465995,1310,1310,Capitol Hill,Capitol Hill,93.0,66.0,96.0,14685.0
63,1010 E 13th Ave Apt 10,2,2,1.0,1.0,N/A,N/A,39.736611,-104.974965,1.5972707205465995,1580,1580,Capitol Hill,Capitol Hill,93.0,66.0,96.0,14685.0
64,1010 E 13th Ave Apt 15,1,1,1.0,1.0,N/A,N/A,39.736611,-104.974965,1.5972707205465995,1186,1186,Capitol Hill,Capitol Hill,93.0,66.0,96.0,14685.0
65,1010 E 13th Ave Apt 20,2,2,1.0,1.0,N/A,N/A,39.736611,-104.974965,1.5972707205465995,1580,1580,Capitol Hill,Capitol Hill,93.0,66.0,96.0,14685.0
66,1010 E 13th Ave Apt 12,0,0,1.0,1.0,N/A,N/A,39.736611,-104.974965,1.5972707205465995,1036,1036,Capitol Hill,Capitol Hill,93.0,66.0,96.0,14685.0
67,1010 E 13th Ave Apt 14,0,0,1.0,1.0,N/A,N/A,39.736611,-104.974965,1.5972707205465995,1180,1180,Capitol Hill,Capitol Hill,93.0,66.0,96.0,14685.0
68,1138 E 14th Ave Apt 10,1,1,1.0,1.0,N/A,N/A,39.738149,-104.973327,1.6017117923404214,1595,1595,Capitol Hill,Capitol Hill,93.0,66.0,96.0,14685.0
69,1274 N Ogden St Apt 118,1,1,1.0,1.0,N/A,N/A,39.736527,-104.975111,1.6018209988473853,1370,1370,Capitol Hill,Capitol Hill,93.0,66.0,96.0,14685.0
70,1274 N Ogden St Apt 108,1,1,1.0,1.0,N/A,N/A,39.736527,-104.975111,1.6018209988473853,1340,1340,Capitol Hill,Capitol Hill,93.0,66.0,96.0,14685.0
71,1274 N Ogden St Apt 117,1,1,1.0,1.0,N/A,N/A,39.736527,-104.975111,1.6018209988473853,1370,1370,Capitol Hill,Capitol Hill,93.0,66.0,96.0,14685.0
72,1274 N Ogden St Apt 110,2,2,1.0,1.0,N/A,N/A,39.736527,-104.975111,1.6018209988473853,1575,1575,Capitol Hill,Capitol Hill,93.0,66.0,96.0,14685.0
73,2900 E 16th Ave,0,3,1.0,2.0,566,1481,39.741465,-104.952946,1.6062606218775994,1525,3805,Colfax Avenue Park,,,,,
74,1220 N Emerson St Apt 11,1,1,1.0,1.0,N/A,N/A,39.735581,-104.976118,1.6154487808262532,1165,1165,Capitol Hill,Capitol Hill,93.0,66.0,96.0,14685.0
75,55 N Cook St,0,2,1.0,2.0,578,1348,39.716831,-104.947737,1.6294201559303045,1625,2988,Cherry Creek,Cherry Creek,80.0,49.0,79.0,5583.0
76,899 N Washington St,1,1,1.0,1.0,475,700,39.730173,-104.979091,1.6535463476030505,1325,1380,Emerys Capitol Hill,,,,,
77,1607 N Gilpin St # 1615-2,2,2,1.0,1.0,1220,1220,39.741849,-104.967521,1.6638434373323598,1795,1795,City Park West,City Park West,85.0,55.0,95.0,4854.0
78,1607 N Gilpin St # 1607-9,1,1,1.0,1.0,600,600,39.741849,-104.967521,1.6638434373323598,1000,1000,City Park West,City Park West,85.0,55.0,95.0,4854.0
79,901 Colorado Blvd,0,3,1.0,2.0,660,1528,39.73131,-104.94094,1.666183025569034,1376,1761,Capital Avenue,,,,,
80,1553 Steele St Apt 1,3,3,2.0,2.0,950,950,39.74121,-104.950443,1.6730035626844058,2300,2300,Colfax Avenue Park,,,,,
81,1570-1578 Humboldt St,0,1,1.0,1.0,291,588,39.74133,-104.96933,1.6789676048518758,1110,1695,City Park West,City Park West,85.0,55.0,95.0,4854.0
82,1301 N Ogden Number St Apt 6,2,2,1.0,1.0,1228,1228,39.737179,-104.975617,1.6797733625955171,2400,2400,Capitol Hill,Capitol Hill,93.0,66.0,96.0,14685.0
83,1325 Garfield St,0,2,1.0,1.5,400,960,39.737231,-104.944294,1.6833368431810125,1135,1545,Capital Avenue,,,,,
84,60 N Corona St,0,2,1.0,1.0,450,800,39.71758,-104.974254,1.690317792240555,1125,1125,Speer,Speer,85.0,55.0,95.0,10957.0
85,1600 Fillmore St,1,3,1.0,2.0,591,1375,39.74238,-104.95301,1.6991797346716384,1495,2095,Colfax Avenue Park,,,,,
86,77 S Adams St,1,2,1.0,2.0,758,1387,39.71511,-104.948942,1.7220028309950925,1450,1800,Cherry Creek,Cherry Creek,80.0,49.0,79.0,5583.0
87,1101 Colorado Blvd Apt A,1,1,1.0,1.0,N/A,N/A,39.733858,-104.94105,1.740766886349421,1125,1125,Capital Avenue,,,,,
88,1781 York St,0,2,1.0,2.0,500,1424,39.744,-104.96015,1.7721913929875157,1325,2540,City Park West,City Park West,85.0,55.0,95.0,4854.0
89,3498 E Ellsworth Ave,0,3,1.0,2.5,457,1811,39.71528,-104.94758,1.773221816729404,1335,5155,Cherry Creek,Cherry Creek,80.0,49.0,79.0,5583.0
90,65 N Ogden St Apt 203,1,1,1.0,1.0,N/A,N/A,39.717774,-104.97608,1.7927269072730565,1340,1340,Speer,Speer,85.0,55.0,95.0,10957.0
91,65 N Ogden St Apt 104,1,1,1.0,1.0,N/A,N/A,39.717774,-104.97608,1.7927269072730565,1330,1330,Speer,Speer,85.0,55.0,95.0,10957.0
92,65 N Ogden St Apt 102,1,1,1.0,1.0,N/A,N/A,39.717774,-104.97608,1.7927269072730565,1330,1330,Speer,Speer,85.0,55.0,95.0,10957.0
93,611 E 11th Ave,1,2,1.0,1.0,711,854,39.733932,-104.979538,1.7975870330522175,1495,1630,Capitol Hill,Capitol Hill,93.0,66.0,96.0,14685.0
94,59 N Ogden St Apt 7,1,1,1.0,1.0,N/A,N/A,39.717635,-104.97608,1.8026420069977187,1395,1395,Speer,Speer,85.0,55.0,95.0,10957.0
95,59 N Ogden St Apt 5,1,1,1.0,1.0,N/A,N/A,39.717635,-104.97608,1.8026420069977187,1425,1425,Speer,Speer,85.0,55.0,95.0,10957.0
96,59 N Ogden St Apt 8,1,1,1.0,1.0,N/A,N/A,39.717635,-104.97608,1.8026420069977187,1445,1445,Speer,Speer,85.0,55.0,95.0,10957.0
97,1691 N Franklin St Apt 306,0,0,1.0,1.0,N/A,N/A,39.742949,-104.968601,1.8128775090025757,1319,1319,City Park West,City Park West,85.0,55.0,95.0,4854.0
98,1691 N Franklin St Apt 207,1,1,1.0,1.0,N/A,N/A,39.742949,-104.968601,1.8128775090025757,1595,1595,City Park West,City Park West,85.0,55.0,95.0,4854.0
99,624 E 12th Ave,1,1,1.0,1.0,800,800,39.734965,-104.97918,1.8145830267770027,1575,1575,Capitol Hill,Capitol Hill,93.0,66.0,96.0,14685.0
100,985 Albion St,0,3,1.0,3.0,476,1813,39.73212,-104.93939,1.8160891024887138,1330,4194,Hale,Hale,71.0,48.0,77.0,6942.0
101,1757 Vine St,2,2,1.0,1.0,742,770,39.744318,-104.962574,1.8213035241429387,1600,1800,City Park West,City Park West,85.0,55.0,95.0,4854.0
102,777 Ash St,1,2,1.0,1.0,618,917,39.728742,-104.938619,1.8268115304328354,1275,1655,Hale,Hale,71.0,48.0,77.0,6942.0
103,1225 Colorado Blvd,1,2,1.0,1.0,615,725,39.73571,-104.941042,1.8276163500023828,1099,1250,Capital Avenue,,,,,
104,1691 N Franklin St Apt 201,1,1,1.0,1.0,N/A,N/A,39.742997,-104.968985,1.8313608790070157,1564,1564,City Park West,City Park West,85.0,55.0,95.0,4854.0
105,4035 E 12th Ave Apt 104,1,1,1.0,1.0,N/A,N/A,39.734829,-104.940231,1.8473011458255855,1130,1130,Hale,Hale,71.0,48.0,77.0,6942.0
106,4035 E 12th Ave Apt 201,1,1,1.0,1.0,N/A,N/A,39.734829,-104.940231,1.8473011458255855,1130,1130,Hale,Hale,71.0,48.0,77.0,6942.0
107,1175 Albion St,1,1,1.0,1.0,567,837,39.73419,-104.93987,1.8482049341061149,1170,1425,Hale,Hale,71.0,48.0,77.0,6942.0
108,1200 N Colorado Blvd Unit 102C,2,2,1.0,1.0,N/A,N/A,39.734972,-104.940254,1.8520411356509914,1375,1375,Hale,Hale,71.0,48.0,77.0,6942.0
109,1200 N Colorado Blvd Unit 304C,1,1,1.0,1.0,N/A,N/A,39.734972,-104.940254,1.8520411356509914,1130,1130,Hale,Hale,71.0,48.0,77.0,6942.0
110,255 N Washington St,1,2,1.0,2.0,622,1087,39.720268,-104.979118,1.8547410577861667,1700,2775,Kettles,,,,,
111,4107 E 10th Ave # 514,2,2,2.0,2.0,N/A,N/A,39.732087,-104.938862,1.8589908469630563,2350,2350,Hale,Hale,71.0,48.0,77.0,6942.0
112,4107 E 10th Ave # 409,1,1,1.0,1.0,N/A,N/A,39.732087,-104.938862,1.8589908469630563,1587,1587,Hale,Hale,71.0,48.0,77.0,6942.0
113,4107 E 10th Ave # 228,0,0,1.0,1.0,N/A,N/A,39.732087,-104.938862,1.8589908469630563,1390,1390,Hale,Hale,71.0,48.0,77.0,6942.0
114,4205 E 10th Ave,0,2,1.0,2.0,519,1356,39.73139,-104.93865,1.859664736430091,1474,5610,Hale,Hale,71.0,48.0,77.0,6942.0
115,99 S Downing St,3,3,3.0,3.0,1758,1758,39.715041,-104.974001,1.8823956090210179,3350,3350,Speer,Speer,85.0,55.0,95.0,10957.0
116,1101 E Bayaud Ave,0,2,1.0,2.5,560,1796,39.715231,-104.974343,1.8851478973256066,1739,6679,Speer,Speer,85.0,55.0,95.0,10957.0
117,10 N Emerson St,1,2,1.0,2.0,675,990,39.716886,-104.976578,1.8892316222128163,1549,2096,Speer,Speer,85.0,55.0,95.0,10957.0
118,1250 Colorado Blvd,0,0,1.0,1.0,500,500,39.735786,-104.940252,1.891522076462523,995,995,Hale,Hale,71.0,48.0,77.0,6942.0
119,1660 Steele St,1,1,1.0,1.0,600,600,39.743123,-104.949669,1.8916681624179585,1500,1500,Colfax Avenue Park,,,,,
120,2035 E 18th Ave Apt 5,2,2,1.0,1.0,800,800,39.745118,-104.962585,1.9097539928883136,1750,1750,City Park West,City Park West,85.0,55.0,95.0,4854.0
121,1155 Ash St Apt 507,2,2,2.0,2.0,N/A,N/A,39.733774,-104.938851,1.9136721636046505,1850,1850,Hale,Hale,71.0,48.0,77.0,6942.0
122,1259 Albion St,1,2,1.0,1.0,650,850,39.735786,-104.939814,1.924982957601774,1125,1300,Hale,Hale,71.0,48.0,77.0,6942.0
123,1001 E Bayaud Ave,0,2,1.0,2.0,421,1131,39.715078,-104.975039,1.937215386920301,1331,3328,Speer,Speer,85.0,55.0,95.0,10957.0
124,1285 N Albion St Unit 202,3,3,2.0,2.0,N/A,N/A,39.736196,-104.939815,1.9456686812536161,1985,1985,Hale,Hale,71.0,48.0,77.0,6942.0
125,1285 N Albion St Unit 303,1,1,1.0,1.0,N/A,N/A,39.736196,-104.939815,1.9456686812536161,1385,1385,Hale,Hale,71.0,48.0,77.0,6942.0
126,1285 N Albion St Unit 205,1,1,1.0,1.0,N/A,N/A,39.736196,-104.939815,1.9456686812536161,1305,1305,Hale,Hale,71.0,48.0,77.0,6942.0
127,1285 N Albion St Unit 102,3,3,2.0,2.0,N/A,N/A,39.736197,-104.939814,1.945796100215854,1995,1995,Hale,Hale,71.0,48.0,77.0,6942.0
128,88 N Washington St Unit 4,1,1,1.0,1.0,N/A,N/A,39.718135,-104.978935,1.9639321097527356,1335,1335,Speer,Speer,85.0,55.0,95.0,10957.0
129,4210 E 11th Ave,0,3,1.0,2.0,378,1588,39.732722,-104.937804,1.9643731758617167,1340,3922,Hale,Hale,71.0,48.0,77.0,6942.0
130,77 S Ogden St,0,2,1.0,2.0,414,900,39.715164,-104.976057,1.9893733152453985,1210,1835,Broadway View,,,,,
131,4300 E 9th Ave,0,3,1.0,3.0,538,1467,39.73021,-104.93664,2.0087244985539616,1435,2247,Hale,Hale,71.0,48.0,77.0,6942.0
132,1899 Gaylord St,1,1,1.0,1.0,500,500,39.746527,-104.961356,2.056680519661177,1150,1150,City Park West,City Park West,85.0,55.0,95.0,4854.0
133,1639 N Ogden St Apt 3,1,1,1.0,1.0,N/A,N/A,39.742462,-104.975133,2.061219147056605,1095,1095,North Capitol Hill,,,,,
134,1188 N Bellaire St Unit 5,0,0,1.0,1.0,N/A,N/A,39.73449,-104.936944,2.0940766601337013,965,965,Bellevue Park,,,,,
135,3750 E Bayaud Ave,3,3,3.5,3.5,3650,3650,39.714531,-104.942859,2.099217938854558,5000,5000,Burlington Capitol Hill,,,,,
136,300 S Lafayette St,1,2,1.0,2.0,617,1216,39.710899,-104.970732,2.120605585401405,1695,2075,Fitzgeralds of Lake View,,,,,
137,726 E 16th Ave Apt 301,0,0,1.0,1.0,360,360,39.741393,-104.978037,2.142123194068406,1700,1700,North Capitol Hill,,,,,
138,790 Clermont St Apt 5,2,2,1.0,1.0,N/A,N/A,39.7291,-104.93476,2.158439448916668,1325,1325,Sunrise Club,,,,,
139,790 Clermont St Apt 8,2,2,1.0,1.0,N/A,N/A,39.7291,-104.93476,2.158439448916668,1343,1343,Sunrise Club,,,,,
140,4514 E 8th Ave Apt 11,2,2,1.0,1.0,N/A,N/A,39.72895,-104.934629,2.168813653452086,1343,1343,Sunrise Club,,,,,
141,1190 Birch St # 1190305,1,1,1.0,1.0,N/A,N/A,39.734441,-104.935838,2.1814730780296068,1340,1340,Bellevue Park,,,,,
142,815 Cherry St Apt 102,1,1,1.0,1.0,N/A,N/A,39.729595,-104.934323,2.1993283753042125,1225,1225,Hale,Hale,71.0,48.0,77.0,6942.0
143,815 Cherry St Apt 105,1,1,1.0,1.0,N/A,N/A,39.729595,-104.934323,2.1993283753042125,1225,1225,Hale,Hale,71.0,48.0,77.0,6942.0
144,800 N Cherry St Unit 18,0,0,1.0,1.0,N/A,N/A,39.729433,-104.933654,2.25510884526226,995,995,Hale,Hale,71.0,48.0,77.0,6942.0
145,800 N Cherry St Unit 6,1,1,1.0,1.0,N/A,N/A,39.729433,-104.933654,2.25510884526226,1095,1095,Hale,Hale,71.0,48.0,77.0,6942.0
146,800 N Cherry St Unit 7,1,1,1.0,1.0,N/A,N/A,39.729433,-104.933654,2.25510884526226,1095,1095,Hale,Hale,71.0,48.0,77.0,6942.0
147,850 N Cherry St Unit 302,1,1,1.0,1.0,N/A,N/A,39.730251,-104.933655,2.262957783542973,1220,1220,Hale,Hale,71.0,48.0,77.0,6942.0
148,850 N Cherry St Unit 108,1,1,1.0,1.0,N/A,N/A,39.730251,-104.933655,2.262957783542973,1095,1095,Hale,Hale,71.0,48.0,77.0,6942.0
149,850 N Cherry St Unit 305,0,0,1.0,1.0,N/A,N/A,39.730251,-104.933655,2.262957783542973,995,995,Hale,Hale,71.0,48.0,77.0,6942.0
150,150 S Washington St Apt 205,1,1,1.0,1.0,N/A,N/A,39.713699,-104.978924,2.277695942980534,1199,1199,Speer,Speer,85.0,55.0,95.0,10957.0
151,150 S Washington St Apt 303,1,1,1.0,1.0,N/A,N/A,39.713699,-104.978924,2.277695942980534,1230,1230,Speer,Speer,85.0,55.0,95.0,10957.0
152,300 S Monroe St,1,3,1.0,3.0,766,2697,39.71122,-104.94447,2.295056206500922,2184,7437,Belcaro,Belcaro,64.0,42.0,84.0,4215.0
153,833 Dexter _205 St # 833,1,1,1.0,1.0,N/A,N/A,39.729874,-104.93313,2.303585473755655,1320,1320,Hale,Hale,71.0,48.0,77.0,6942.0
154,225 S Harrison St,1,3,1.0,2.0,611,11107,39.71253,-104.94211,2.30611064681562,1599,3099,Burlington Capitol Hill,,,,,
155,1756 N Clarkson St Apt 402,2,2,2.0,2.0,N/A,N/A,39.744372,-104.977314,2.3437462445155397,1975,1975,North Capitol Hill,,,,,
156,1756 N Clarkson St Apt 204,1,1,1.0,1.0,N/A,N/A,39.744459,-104.977196,2.3448809078507917,1478,1478,North Capitol Hill,,,,,
157,1756 N Clarkson St Apt 504,1,1,1.0,1.0,N/A,N/A,39.74446,-104.9772,2.345182553918045,1598,1598,North Capitol Hill,,,,,
158,360 S Monroe St,0,3,1.0,3.0,545,1830,39.71058,-104.94464,2.3453884181335534,1546,4332,Belcaro,Belcaro,64.0,42.0,84.0,4215.0
159,1756 N Clarkson St Apt 403,1,1,1.0,1.0,N/A,N/A,39.744459,-104.977295,2.350215397049981,1568,1568,North Capitol Hill,,,,,
160,1756 N Clarkson St Apt 303,1,1,1.0,1.0,N/A,N/A,39.744459,-104.977295,2.350215397049981,1568,1568,North Capitol Hill,,,,,
161,820 Dexter _20 St # 820,1,1,1.0,1.0,N/A,N/A,39.729635,-104.932485,2.3564449734477853,1330,1330,Hale,Hale,71.0,48.0,77.0,6942.0
162,830 Dexter St Apt 2,1,1,1.0,1.0,N/A,N/A,39.729805,-104.932486,2.357830866309955,991,991,Hale,Hale,71.0,48.0,77.0,6942.0
163,830 Dexter St Apt 9,1,1,1.0,1.0,N/A,N/A,39.729805,-104.932486,2.357830866309955,1045,1045,Hale,Hale,71.0,48.0,77.0,6942.0
164,4720 E Eighth Ave Unit 4,1,1,1.0,1.0,N/A,N/A,39.729085,-104.932425,2.3578472660765226,1025,1025,Sunrise Club,,,,,
165,4720 E Eighth Ave Unit 8,1,1,1.0,1.0,N/A,N/A,39.729085,-104.932425,2.3578472660765226,1025,1025,Sunrise Club,,,,,
166,825 Dahlia St,0,2,1.0,2.0,370,800,39.729895,-104.931956,2.403843766766188,1260,1570,Hale,Hale,71.0,48.0,77.0,6942.0
167,1400 Clermont St # 1400-3,2,2,1.0,1.0,1000,1000,39.738499,-104.934694,2.452666096205767,1550,1550,Bellevue,,,,,
168,2150-2170 Franklin St,2,2,1.0,1.0,650,650,39.74928,-104.96806,2.4591184417026737,1200,1275,City Park West,City Park West,85.0,55.0,95.0,4854.0
169,351 S Jackson St,0,2,1.0,2.5,595,1680,39.709791,-104.942912,2.5018606030880246,1476,4154,Belcaro,Belcaro,64.0,42.0,84.0,4215.0
170,1515 E 22nd Ave,3,3,1.0,1.0,1800,1800,39.74955,-104.969137,2.515167681065369,2100,2100,City Park West,City Park West,85.0,55.0,95.0,4854.0
171,1511 E 22nd Avenue 22nd Ave,3,3,1.0,1.0,1800,1800,39.74955,-104.969226,2.517554747869736,2100,2100,City Park West,City Park West,85.0,55.0,95.0,4854.0
172,350 S Jackson St,0,2,1.0,2.0,601,1334,39.70967,-104.94196,2.560936030861087,1396,2307,Belcaro,Belcaro,64.0,42.0,84.0,4215.0
173,2111 N Downing St Apt B,2,2,1.0,1.0,800,800,39.748531,-104.973732,2.563005984613565,1750,1750,Five Points,Five Points,90.0,73.0,97.0,12709.0
174,675 S University Blvd Apt 204,1,1,1.0,1.0,N/A,N/A,39.704573,-104.959727,2.6134183795781456,1695,1695,Broadway Heights,,,,,
175,755 E 19th Ave,1,2,1.0,2.0,640,1292,39.74688,-104.97847,2.6241316819772544,1632,2716,North Capitol Hill,,,,,
176,4561 Batavia Pl,3,3,2.0,2.0,N/A,N/A,39.742789,-104.933961,2.761365979281448,2600,2600,South Park Hill,,,,,
177,775 S York St Unit D,1,1,1.0,1.0,N/A,N/A,39.702467,-104.960872,2.8486732980365184,845,845,Washington Park,Washington Park,59.0,43.0,79.0,6915.0
178,920 E 24th Ave,3,3,4.0,4.0,2000,2000,39.751794,-104.975088,2.939321229967873,3495,3495,Five Points,Five Points,90.0,73.0,97.0,12709.0
179,407 29th St,3,3,1.0,1.0,N/A,N/A,39.7557,-104.973996,3.2997543450349753,1895,1895,Five Points,Five Points,90.0,73.0,97.0,12709.0
180,440 29th St,1,1,1.0,1.0,N/A,N/A,39.755698,-104.974764,3.324015466602585,1375,1375,Five Points,Five Points,90.0,73.0,97.0,12709.0
181,437 29th St,1,1,1.0,1.0,N/A,N/A,39.755858,-104.974333,3.326675002239395,1225,1225,Five Points,Five Points,90.0,73.0,97.0,12709.0
182,442 29th St,2,2,1.0,1.0,N/A,N/A,39.755797,-104.974746,3.333614402102135,1375,1375,Five Points,Five Points,90.0,73.0,97.0,12709.0
183,453 29th St,1,1,1.0,1.0,N/A,N/A,39.755988,-104.974499,3.3453674669156603,1235,1235,Five Points,Five Points,90.0,73.0,97.0,12709.0
184,4550 Cherry Creek Dr S,1,3,1.0,3.0,851,1947,39.70374,-104.93456,3.4704319924704965,1486,3209,Glendale,,,,,
185,650 S Dahlia Cir,1,3,1.0,2.0,739,1249,39.705704,-104.930638,3.5327149498460115,1415,2165,Glendale,,,,,
186,5100 Leetsdale Dr,1,1,1.0,1.0,625,625,39.707405,-104.927699,3.591538673942096,1050,1050,Atrii,,,,,
187,801 S Cherry St,1,3,1.0,2.0,572,1371,39.70171,-104.93454,3.650270076459822,1493,2933,Glendale,,,,,
188,4750 E Cherry Creek South Dr,1,3,1.0,2.0,687,1429,39.702639,-104.932119,3.697703607686859,1200,2615,Washington Virginia Vale,Washington Virginia Vale,67.0,44.0,77.0,12838.0
189,818-848 S Dexter St,1,2,1.0,2.0,580,985,39.70179,-104.93229,3.7612132009595705,1130,1465,Washington Virginia Vale,Washington Virginia Vale,67.0,44.0,77.0,12838.0
190,601 S Forest St,0,2,1.0,1.0,290,845,39.704907,-104.927675,3.776925316766345,1020,1415,Glendale,,,,,
191,878 S Dexter St,0,2,1.0,2.0,500,1080,39.70056,-104.93238,3.8637964856496616,1007,1041,Washington Virginia Vale,Washington Virginia Vale,67.0,44.0,77.0,12838.0
192,911 S Dahlia St,2,2,1.0,1.0,780,780,39.699494,-104.932073,3.9740787138806546,1300,1300,Glendale,,,,,
193,3331 N Race St,2,2,1.5,1.5,950,950,39.763875,-104.963555,3.994682491070083,2195,2195,Cole,Cole,82.0,54.0,92.0,4646.0
194,980 S Dexter St Apt 17,0,0,1.0,1.0,N/A,N/A,39.698658,-104.932014,4.051816349916707,995,995,Glendale,,,,,
195,980 S Dexter St Apt 10,1,1,1.0,1.0,N/A,N/A,39.698658,-104.932014,4.051816349916707,1115,1115,Glendale,,,,,
196,980 S Dexter St Apt 24,0,0,1.0,1.0,N/A,N/A,39.698658,-104.932014,4.051816349916707,995,995,Glendale,,,,,
197,980 S Dexter St Apt 15,1,1,1.0,1.0,N/A,N/A,39.698658,-104.932014,4.051816349916707,1095,1095,Glendale,,,,,
198,5151 E 28th Ave,2,3,4.0,4.0,1619,2010,39.756756,-104.927923,4.205736031976423,2800,3200,Park Hill,Park Hill,60.0,47.0,80.0,25806.0
